 1, 1,  ,0000000035,          ,07,58,06,22,15,  ,  ,  ,  ,  ,          ,          ,        ,               ,               
 1, 1,  ,0000000034,          ,07,58,06,22,15,  ,  ,  ,  ,  ,          ,          ,        ,               ,               
 1, 1,  ,0000000037,          ,07,58,06,22,15,  ,  ,  ,  ,  ,          ,          ,        ,               ,               
 1, 1,  ,0000000024,          ,08,15,06,22,15,  ,  ,  ,  ,  ,          ,          ,        ,               ,               
 1, 1,  ,0000000019,          ,08,16,06,22,15,  ,  ,  ,  ,  ,          ,          ,        ,               ,               
 1, 1,  ,0000000036,          ,08,35,06,22,15,  ,  ,  ,  ,  ,          ,          ,        ,               ,               
 1, 1,  ,0000000027,          ,08,35,06,22,15,  ,  ,  ,  ,  ,          ,          ,        ,               ,               
 1, 1,  ,0000000024,          ,17,08,06,22,15,  ,  ,  ,  ,  ,          ,          ,        ,               ,               
 1, 1,  ,0000000024,          ,17,09,06,22,15,  ,  ,  ,  ,  ,          ,          ,        ,               ,               
 1, 1,  ,0000000035,          ,07,40,06,23,15,  ,  ,  ,  ,  ,          ,          ,        ,               ,               
 1, 1,  ,0000000037,          ,07,41,06,23,15,  ,  ,  ,  ,  ,          ,          ,        ,               ,               
 1, 1,  ,0000000034,          ,07,41,06,23,15,  ,  ,  ,  ,  ,          ,          ,        ,               ,               
 1, 1,  ,0000000024,          ,07,54,06,23,15,  ,  ,  ,  ,  ,          ,          ,        ,               ,               
 1, 1,  ,0000000019,          ,07,55,06,23,15,  ,  ,  ,  ,  ,          ,          ,        ,               ,               
 1, 1,  ,0000000032,          ,08,30,06,23,15,  ,  ,  ,  ,  ,          ,          ,        ,               ,               
 1, 1,  ,0000000027,          ,08,30,06,23,15,  ,  ,  ,  ,  ,          ,          ,        ,               ,               
 1, 1,  ,0000000027,          ,17,09,06,23,15,  ,  ,  ,  ,  ,          ,          ,        ,               ,               
 1, 1,  ,0000000034,          ,18,17,06,23,15,  ,  ,  ,  ,  ,          ,          ,        ,               ,               
 1, 1,  ,0000000019,          ,18,17,06,23,15,  ,  ,  ,  ,  ,          ,          ,        ,               ,               
 1, 1,  ,0000000035,          ,18,17,06,23,15,  ,  ,  ,  ,  ,          ,          ,        ,               ,               
 1, 1,  ,0000000019,          ,07,45,06,24,15,  ,  ,  ,  ,  ,          ,          ,        ,               ,               
 1, 1,  ,0000000037,          ,07,46,06,24,15,  ,  ,  ,  ,  ,          ,          ,        ,               ,               
 1, 1,  ,0000000035,          ,07,46,06,24,15,  ,  ,  ,  ,  ,          ,          ,        ,               ,               
 1, 1,  ,0000000034,          ,07,46,06,24,15,  ,  ,  ,  ,  ,          ,          ,        ,               ,               
 1, 1,  ,0000000024,          ,07,53,06,24,15,  ,  ,  ,  ,  ,          ,          ,        ,               ,               
 1, 1,  ,0000000032,          ,08,08,06,24,15,  ,  ,  ,  ,  ,          ,          ,        ,               ,               
 1, 1,  ,0000000027,          ,08,17,06,24,15,  ,  ,  ,  ,  ,          ,          ,        ,               ,               
 1, 1,  ,0000000036,          ,08,22,06,24,15,  ,  ,  ,  ,  ,          ,          ,        ,               ,               
 1, 1,  ,0000000018,          ,08,49,06,24,15,  ,  ,  ,  ,  ,          ,          ,        ,               ,               
 1, 1,  ,0000000033,          ,14,29,06,24,15,  ,  ,  ,  ,  ,          ,          ,        ,               ,               
 1, 1,  ,0000000018,          ,14,30,06,24,15,  ,  ,  ,  ,  ,          ,          ,        ,               ,               
 1, 1,  ,0000000033,          ,14,31,06,24,15,  ,  ,  ,  ,  ,          ,          ,        ,               ,               
 1, 1,  ,0000000022,          ,16,56,06,24,15,  ,  ,  ,  ,  ,          ,          ,        ,               ,               
 1, 1,  ,0000000024,          ,17,01,06,24,15,  ,  ,  ,  ,  ,          ,          ,        ,               ,               
 1, 1,  ,0000000036,          ,17,01,06,24,15,  ,  ,  ,  ,  ,          ,          ,        ,               ,               
 1, 1,  ,0000000032,          ,17,04,06,24,15,  ,  ,  ,  ,  ,          ,          ,        ,               ,               
 1, 1,  ,0000000034,          ,18,12,06,24,15,  ,  ,  ,  ,  ,          ,          ,        ,               ,               
 1, 1,  ,0000000035,          ,18,12,06,24,15,  ,  ,  ,  ,  ,          ,          ,        ,               ,               
 1, 1,  ,0000000019,          ,18,13,06,24,15,  ,  ,  ,  ,  ,          ,          ,        ,               ,               
 1, 1,  ,0000000033,          ,18,13,06,24,15,  ,  ,  ,  ,  ,          ,          ,        ,               ,               
 1, 1,  ,0000000037,          ,07,57,06,25,15,  ,  ,  ,  ,  ,          ,          ,        ,               ,               
 1, 1,  ,0000000024,          ,07,57,06,25,15,  ,  ,  ,  ,  ,          ,          ,        ,               ,               
 1, 1,  ,0000000032,          ,08,07,06,25,15,  ,  ,  ,  ,  ,          ,          ,        ,               ,               
 1, 1,  ,0000000036,          ,08,08,06,25,15,  ,  ,  ,  ,  ,          ,          ,        ,               ,               
 1, 1,  ,0000000026,          ,08,12,06,25,15,  ,  ,  ,  ,  ,          ,          ,        ,               ,               
 1, 1,  ,0000000019,          ,08,16,06,25,15,  ,  ,  ,  ,  ,          ,          ,        ,               ,               
 1, 1,  ,0000000026,          ,08,16,06,25,15,  ,  ,  ,  ,  ,          ,          ,        ,               ,               
 1, 1,  ,0000000024,          ,17,03,06,25,15,  ,  ,  ,  ,  ,          ,          ,        ,               ,               
 1, 1,  ,0000000032,          ,17,04,06,25,15,  ,  ,  ,  ,  ,          ,          ,        ,               ,               
 1, 1,  ,0000000019,          ,18,15,06,25,15,  ,  ,  ,  ,  ,          ,          ,        ,               ,               
 1, 1,  ,0000000035,          ,07,48,06,26,15,  ,  ,  ,  ,  ,          ,          ,        ,               ,               
 1, 1,  ,0000000037,          ,07,48,06,26,15,  ,  ,  ,  ,  ,          ,          ,        ,               ,               
 1, 1,  ,0000000019,          ,07,49,06,26,15,  ,  ,  ,  ,  ,          ,          ,        ,               ,               
 1, 1,  ,0000000024,          ,07,53,06,26,15,  ,  ,  ,  ,  ,          ,          ,        ,               ,               
 1, 1,  ,0000000034,          ,07,53,06,26,15,  ,  ,  ,  ,  ,          ,          ,        ,               ,               
 1, 1,  ,0000000032,          ,08,07,06,26,15,  ,  ,  ,  ,  ,          ,          ,        ,               ,               
 1, 1,  ,0000000027,          ,08,10,06,26,15,  ,  ,  ,  ,  ,          ,          ,        ,               ,               
 1, 1,  ,0000000022,          ,08,13,06,26,15,  ,  ,  ,  ,  ,          ,          ,        ,               ,               
 2, 1,  ,0000000021,          ,16,29,06,18,15,  ,  ,  ,  ,  ,          ,          ,        ,               ,               
 2, 1,  ,0000000022,          ,07,13,06,19,15,  ,  ,  ,  ,  ,          ,          ,        ,               ,               
 2, 1,  ,0000000022,          ,17,46,06,19,15,  ,  ,  ,  ,  ,          ,          ,        ,               ,               
 2, 1,  ,0000000021,          ,23,51,06,21,15,  ,  ,  ,  ,  ,          ,          ,        ,               ,               
 2, 1,  ,0000000021,          ,07,25,06,22,15,  ,  ,  ,  ,  ,          ,          ,        ,               ,               
 2, 1,  ,0000000022,          ,16,35,06,22,15,  ,  ,  ,  ,  ,          ,          ,        ,               ,               
 2, 1,  ,0000000022,          ,23,07,06,22,15,  ,  ,  ,  ,  ,          ,          ,        ,               ,               
 2, 1,  ,0000000021,          ,23,48,06,22,15,  ,  ,  ,  ,  ,          ,          ,        ,               ,               
 2, 1,  ,0000000021,          ,07,29,06,23,15,  ,  ,  ,  ,  ,          ,          ,        ,               ,               
 2, 1,  ,0000000022,          ,08,04,06,23,15,  ,  ,  ,  ,  ,          ,          ,        ,               ,               
 2, 1,  ,0000000023,          ,16,18,06,23,15,  ,  ,  ,  ,  ,          ,          ,        ,               ,               
 2, 1,  ,0000000026,          ,16,21,06,23,15,  ,  ,  ,  ,  ,          ,          ,        ,               ,               
 2, 1,  ,0000000024,          ,16,21,06,23,15,  ,  ,  ,  ,  ,          ,          ,        ,               ,               
 2, 1,  ,0000000033,          ,16,21,06,23,15,  ,  ,  ,  ,  ,          ,          ,        ,               ,               
 2, 1,  ,0000000037,          ,16,26,06,23,15,  ,  ,  ,  ,  ,          ,          ,        ,               ,               
 2, 1,  ,0000000037,          ,16,26,06,23,15,  ,  ,  ,  ,  ,          ,          ,        ,               ,               
 2, 1,  ,0000000028,          ,16,31,06,23,15,  ,  ,  ,  ,  ,          ,          ,        ,               ,               
 2, 1,  ,0000000023,          ,16,42,06,23,15,  ,  ,  ,  ,  ,          ,          ,        ,               ,               
 2, 1,  ,0000000023,          ,16,42,06,23,15,  ,  ,  ,  ,  ,          ,          ,        ,               ,               
 2, 1,  ,0000000033,          ,16,42,06,23,15,  ,  ,  ,  ,  ,          ,          ,        ,               ,               
 2, 1,  ,0000000022,          ,18,40,06,23,15,  ,  ,  ,  ,  ,          ,          ,        ,               ,               
 2, 1,  ,0000000028,          ,00,09,06,24,15,  ,  ,  ,  ,  ,          ,          ,        ,               ,               
 2, 1,  ,0000000022,          ,06,31,06,24,15,  ,  ,  ,  ,  ,          ,          ,        ,               ,               
 2, 1,  ,0000000033,          ,07,18,06,24,15,  ,  ,  ,  ,  ,          ,          ,        ,               ,               
 2, 1,  ,0000000021,          ,07,24,06,24,15,  ,  ,  ,  ,  ,          ,          ,        ,               ,               
 2, 1,  ,0000000037,          ,16,15,06,24,15,  ,  ,  ,  ,  ,          ,          ,        ,               ,               
 2, 1,  ,0000000021,          ,17,03,06,24,15,  ,  ,  ,  ,  ,          ,          ,        ,               ,               
 2, 1,  ,0000000023,          ,17,22,06,24,15,  ,  ,  ,  ,  ,          ,          ,        ,               ,               
 2, 1,  ,0000000023,          ,00,06,06,25,15,  ,  ,  ,  ,  ,          ,          ,        ,               ,               
 2, 1,  ,0000000033,          ,06,13,06,25,15,  ,  ,  ,  ,  ,          ,          ,        ,               ,               
 2, 1,  ,0000000033,          ,06,13,06,25,15,  ,  ,  ,  ,  ,          ,          ,        ,               ,               
 2, 1,  ,0000000021,          ,07,22,06,25,15,  ,  ,  ,  ,  ,          ,          ,        ,               ,               
 2, 1,  ,0000000034,          ,08,25,06,25,15,  ,  ,  ,  ,  ,          ,          ,        ,               ,               
 2, 1,  ,0000000035,          ,08,25,06,25,15,  ,  ,  ,  ,  ,          ,          ,        ,               ,               
 2, 1,  ,0000000022,          ,08,34,06,25,15,  ,  ,  ,  ,  ,          ,          ,        ,               ,               
 2, 1,  ,0000000022,          ,14,37,06,25,15,  ,  ,  ,  ,  ,          ,          ,        ,               ,               
 2, 1,  ,0000000034,          ,14,41,06,25,15,  ,  ,  ,  ,  ,          ,          ,        ,               ,               
 2, 1,  ,0000000035,          ,14,42,06,25,15,  ,  ,  ,  ,  ,          ,          ,        ,               ,               
 2, 1,  ,0000000033,          ,14,45,06,25,15,  ,  ,  ,  ,  ,          ,          ,        ,               ,               
 2, 1,  ,0000000037,          ,16,23,06,25,15,  ,  ,  ,  ,  ,          ,          ,        ,               ,               
 2, 1,  ,0000000021,          ,16,39,06,25,15,  ,  ,  ,  ,  ,          ,          ,        ,               ,               
 2, 1,  ,0000000023,          ,16,41,06,25,15,  ,  ,  ,  ,  ,          ,          ,        ,               ,               
 2, 1,  ,0000000028,          ,23,45,06,25,15,  ,  ,  ,  ,  ,          ,          ,        ,               ,               
 2, 1,  ,0000000033,          ,07,33,06,26,15,  ,  ,  ,  ,  ,          ,          ,        ,               ,               
 2, 1,  ,0000000028,          ,07,43,06,26,15,  ,  ,  ,  ,  ,          ,          ,        ,               ,               
 1, 1,  ,0000000027,          ,17,00,06,26,15,  ,  ,  ,  ,  ,          ,          ,        ,               ,               
 1, 1,  ,0000000024,          ,17,00,06,26,15,  ,  ,  ,  ,  ,          ,          ,        ,               ,               
 1, 1,  ,0000000022,          ,17,00,06,26,15,  ,  ,  ,  ,  ,          ,          ,        ,               ,               
 1, 1,  ,0000000032,          ,17,06,06,26,15,  ,  ,  ,  ,  ,          ,          ,        ,               ,               
 1, 1,  ,0000000036,          ,17,15,06,26,15,  ,  ,  ,  ,  ,          ,          ,        ,               ,               
 1, 1,  ,0000000019,          ,17,15,06,26,15,  ,  ,  ,  ,  ,          ,          ,        ,               ,               
 1, 1,  ,0000000034,          ,17,18,06,26,15,  ,  ,  ,  ,  ,          ,          ,        ,               ,               
 1, 1,  ,0000000035,          ,17,18,06,26,15,  ,  ,  ,  ,  ,          ,          ,        ,               ,               
 1, 1,  ,0000000018,          ,18,10,06,26,15,  ,  ,  ,  ,  ,          ,          ,        ,               ,               
 1, 1,  ,0000000034,          ,06,12,06,28,15,  ,  ,  ,  ,  ,          ,          ,        ,               ,               
 1, 1,  ,0000000035,          ,06,13,06,28,15,  ,  ,  ,  ,  ,          ,          ,        ,               ,               
 1, 1,  ,0000000037,          ,06,13,06,28,15,  ,  ,  ,  ,  ,          ,          ,        ,               ,               
 1, 1,  ,0000000033,          ,06,13,06,28,15,  ,  ,  ,  ,  ,          ,          ,        ,               ,               
 1, 1,  ,0000000019,          ,20,34,06,28,15,  ,  ,  ,  ,  ,          ,          ,        ,               ,               
 1, 1,  ,0000000033,          ,20,34,06,28,15,  ,  ,  ,  ,  ,          ,          ,        ,               ,               
 1, 1,  ,0000000019,          ,07,45,06,29,15,  ,  ,  ,  ,  ,          ,          ,        ,               ,               
 1, 1,  ,0000000037,          ,07,57,06,29,15,  ,  ,  ,  ,  ,          ,          ,        ,               ,               
 1, 1,  ,0000000035,          ,07,57,06,29,15,  ,  ,  ,  ,  ,          ,          ,        ,               ,               
 1, 1,  ,0000000034,          ,07,57,06,29,15,  ,  ,  ,  ,  ,          ,          ,        ,               ,               
 1, 1,  ,0000000032,          ,08,09,06,29,15,  ,  ,  ,  ,  ,          ,          ,        ,               ,               
 1, 1,  ,0000000026,          ,08,30,06,29,15,  ,  ,  ,  ,  ,          ,          ,        ,               ,               
 1, 1,  ,0000000018,          ,09,54,06,29,15,  ,  ,  ,  ,  ,          ,          ,        ,               ,               
 2, 1,  ,0000000025,          ,15,15,06,26,15,  ,  ,  ,  ,  ,          ,          ,        ,               ,               
 2, 1,  ,0000000037,          ,16,18,06,26,15,  ,  ,  ,  ,  ,          ,          ,        ,               ,               
 2, 1,  ,0000000021,          ,16,21,06,26,15,  ,  ,  ,  ,  ,          ,          ,        ,               ,               
 2, 1,  ,0000000033,          ,16,30,06,26,15,  ,  ,  ,  ,  ,          ,          ,        ,               ,               
 2, 1,  ,0000000025,          ,16,32,06,26,15,  ,  ,  ,  ,  ,          ,          ,        ,               ,               
 2, 1,  ,0000000028,          ,23,37,06,26,15,  ,  ,  ,  ,  ,          ,          ,        ,               ,               
 2, 1,  ,0000000021,          ,00,02,06,27,15,  ,  ,  ,  ,  ,          ,          ,        ,               ,               
 2, 1,  ,0000000025,          ,07,11,06,27,15,  ,  ,  ,  ,  ,          ,          ,        ,               ,               
 2, 1,  ,0000000028,          ,07,42,06,27,15,  ,  ,  ,  ,  ,          ,          ,        ,               ,               
 2, 1,  ,0000000021,          ,16,27,06,27,15,  ,  ,  ,  ,  ,          ,          ,        ,               ,               
 2, 1,  ,0000000025,          ,16,45,06,27,15,  ,  ,  ,  ,  ,          ,          ,        ,               ,               
 2, 1,  ,0000000024,          ,07,00,06,28,15,  ,  ,  ,  ,  ,          ,          ,        ,               ,               
 2, 1,  ,0000000028,          ,07,24,06,28,15,  ,  ,  ,  ,  ,          ,          ,        ,               ,               
 2, 1,  ,0000000021,          ,07,40,06,28,15,  ,  ,  ,  ,  ,          ,          ,        ,               ,               
 2, 1,  ,0000000022,          ,07,56,06,28,15,  ,  ,  ,  ,  ,          ,          ,        ,               ,               
 2, 1,  ,0000000018,          ,07,56,06,28,15,  ,  ,  ,  ,  ,          ,          ,        ,               ,               
 2, 1,  ,0000000025,          ,16,06,06,28,15,  ,  ,  ,  ,  ,          ,          ,        ,               ,               
 2, 1,  ,0000000028,          ,16,38,06,28,15,  ,  ,  ,  ,  ,          ,          ,        ,               ,               
 2, 1,  ,0000000034,          ,21,07,06,28,15,  ,  ,  ,  ,  ,          ,          ,        ,               ,               
 2, 1,  ,0000000037,          ,21,07,06,28,15,  ,  ,  ,  ,  ,          ,          ,        ,               ,               
 2, 1,  ,0000000035,          ,21,08,06,28,15,  ,  ,  ,  ,  ,          ,          ,        ,               ,               
 2, 1,  ,0000000024,          ,01,45,06,29,15,  ,  ,  ,  ,  ,          ,          ,        ,               ,               
 2, 1,  ,0000000022,          ,01,45,06,29,15,  ,  ,  ,  ,  ,          ,          ,        ,               ,               
 2, 1,  ,0000000028,          ,07,19,06,29,15,  ,  ,  ,  ,  ,          ,          ,        ,               ,               
 2, 1,  ,0000000033,          ,07,19,06,29,15,  ,  ,  ,  ,  ,          ,          ,        ,               ,               
 2, 1,  ,0000000025,          ,07,39,06,29,15,  ,  ,  ,  ,  ,          ,          ,        ,               ,               
 2, 1,  ,0000000036,          ,09,24,06,29,15,  ,  ,  ,  ,  ,          ,          ,        ,      
 1, 1,  ,0000000019,          ,17,05,06,29,15,  ,  ,  ,  ,  ,          ,          ,        ,               ,               
 1, 1,  ,0000000036,          ,17,06,06,29,15,  ,  ,  ,  ,  ,          ,          ,        ,               ,               
 1, 1,  ,0000000032,          ,17,06,06,29,15,  ,  ,  ,  ,  ,          ,          ,        ,               ,               
 1, 1,  ,0000000018,          ,17,25,06,29,15,  ,  ,  ,  ,  ,          ,          ,        ,               ,               
 1, 1,  ,0000000035,          ,07,47,06,30,15,  ,  ,  ,  ,  ,          ,          ,        ,               ,               
 1, 1,  ,0000000034,          ,07,47,06,30,15,  ,  ,  ,  ,  ,          ,          ,        ,               ,               
 1, 1,  ,0000000037,          ,07,47,06,30,15,  ,  ,  ,  ,  ,          ,          ,        ,               ,               
 1, 1,  ,0000000022,          ,08,07,06,30,15,  ,  ,  ,  ,  ,          ,          ,        ,               ,               
 1, 1,  ,0000000032,          ,08,07,06,30,15,  ,  ,  ,  ,  ,          ,          ,        ,               ,               
 1, 1,  ,0000000018,          ,08,35,06,30,15,  ,  ,  ,  ,  ,          ,          ,        ,               ,               
 1, 1,  ,0000000033,          ,16,59,06,30,15,  ,  ,  ,  ,  ,          ,          ,        ,               ,               
 1, 1,  ,0000000020,          ,17,00,06,30,15,  ,  ,  ,  ,  ,          ,          ,        ,               ,               
 1, 1,  ,0000000030,          ,17,00,06,30,15,  ,  ,  ,  ,  ,          ,          ,        ,               ,               
 1, 1,  ,0000000036,          ,17,02,06,30,15,  ,  ,  ,  ,  ,          ,          ,        ,               ,               
 1, 1,  ,0000000034,          ,17,03,06,30,15,  ,  ,  ,  ,  ,          ,          ,        ,               ,               
 1, 1,  ,0000000035,          ,17,03,06,30,15,  ,  ,  ,  ,  ,          ,          ,        ,               ,               
 1, 1,  ,0000000032,          ,17,08,06,30,15,  ,  ,  ,  ,  ,          ,          ,        ,               ,               
 1, 1,  ,0000000022,          ,17,17,06,30,15,  ,  ,  ,  ,  ,          ,          ,        ,               ,               
 1, 1,  ,0000000018,          ,17,35,06,30,15,  ,  ,  ,  ,  ,          ,          ,        ,               ,               
 1, 1,  ,0000000024,          ,07,47,07,01,15,  ,  ,  ,  ,  ,          ,          ,        ,               ,               
 1, 1,  ,0000000020,          ,07,54,07,01,15,  ,  ,  ,  ,  ,          ,          ,        ,               ,               
 1, 1,  ,0000000037,          ,07,58,07,01,15,  ,  ,  ,  ,  ,          ,          ,        ,               ,               
 1, 1,  ,0000000034,          ,07,59,07,01,15,  ,  ,  ,  ,  ,          ,          ,        ,               ,               
 1, 1,  ,0000000035,          ,07,59,07,01,15,  ,  ,  ,  ,  ,          ,          ,        ,               ,               
 1, 1,  ,0000000022,          ,08,07,07,01,15,  ,  ,  ,  ,  ,          ,          ,        ,               ,               
 1, 1,  ,0000000032,          ,08,08,07,01,15,  ,  ,  ,  ,  ,          ,          ,        ,               ,               
 1, 1,  ,0000000032,          ,08,08,07,01,15,  ,  ,  ,  ,  ,          ,          ,        ,               ,               
 1, 1,  ,0000000030,          ,08,15,07,01,15,  ,  ,  ,  ,  ,          ,          ,        ,               ,               
 1, 1,  ,0000000027,          ,08,15,07,01,15,  ,  ,  ,  ,  ,          ,          ,        ,               ,               
 1, 1,  ,0000000036,          ,08,43,07,01,15,  ,  ,  ,  ,  ,          ,          ,        ,               ,               
 1, 1,  ,0000000018,          ,09,03,07,01,15,  ,  ,  ,  ,  ,          ,          ,        ,               ,               
 1, 1,  ,0000000030,          ,12,00,07,01,15,  ,  ,  ,  ,  ,          ,          ,        ,               ,               
 1, 1,  ,0000000030,          ,13,03,07,01,15,  ,  ,  ,  ,  ,          ,          ,        ,               ,               
 2, 1,  ,0000000037,          ,16,18,06,29,15,  ,  ,  ,  ,  ,          ,          ,        ,               ,               
 2, 1,  ,0000000033,          ,16,21,06,29,15,  ,  ,  ,  ,  ,          ,          ,        ,               ,               
 2, 1,  ,0000000021,          ,23,53,06,29,15,  ,  ,  ,  ,  ,          ,          ,        ,               ,               
 2, 1,  ,0000000028,          ,00,09,06,30,15,  ,  ,  ,  ,  ,          ,          ,        ,               ,               
 2, 1,  ,0000000033,          ,07,26,06,30,15,  ,  ,  ,  ,  ,          ,          ,        ,               ,               
 2, 1,  ,0000000023,          ,07,27,06,30,15,  ,  ,  ,  ,  ,          ,          ,        ,               ,               
 2, 1,  ,0000000021,          ,07,37,06,30,15,  ,  ,  ,  ,  ,          ,          ,        ,               ,               
 2, 1,  ,0000000027,          ,09,44,06,30,15,  ,  ,  ,  ,  ,          ,          ,        ,               ,               
 2, 1,  ,0000000028,          ,16,24,06,30,15,  ,  ,  ,  ,  ,          ,          ,        ,               ,               
 2, 1,  ,0000000037,          ,16,26,06,30,15,  ,  ,  ,  ,  ,          ,          ,        ,               ,               
 2, 1,  ,0000000034,          ,23,15,06,30,15,  ,  ,  ,  ,  ,          ,          ,        ,               ,               
 2, 1,  ,0000000035,          ,23,15,06,30,15,  ,  ,  ,  ,  ,          ,          ,        ,               ,               
 2, 1,  ,0000000021,          ,23,43,06,30,15,  ,  ,  ,  ,  ,          ,          ,        ,               ,               
 2, 1,  ,0000000034,          ,00,07,07,01,15,  ,  ,  ,  ,  ,          ,          ,        ,               ,               
 2, 1,  ,0000000035,          ,00,08,07,01,15,  ,  ,  ,  ,  ,          ,          ,        ,               ,               
 2, 1,  ,0000000028,          ,00,09,07,01,15,  ,  ,  ,  ,  ,          ,          ,        ,               ,               
 2, 1,  ,0000000023,          ,07,18,07,01,15,  ,  ,  ,  ,  ,          ,          ,        ,               ,               
 2, 1,  ,0000000033,          ,07,18,07,01,15,  ,  ,  ,  ,  ,          ,          ,        ,               ,               
 2, 1,  ,0000000021,          ,07,31,07,01,15,  ,  ,  ,  ,  ,          ,          ,        ,               ,               
 2, 1,  ,0000000033,          ,16,28,07,01,15,  ,  ,  ,  ,  ,          ,          ,        ,               ,               
 2, 1,  ,0000000037,          ,16,29,07,01,15,  ,  ,  ,  ,  ,          ,          ,        ,               ,               
 2, 1,  ,0000000023,          ,16,31,07,01,15,  ,  ,  ,  ,  ,          ,          ,        ,     
 1, 1,  ,0000000027,          ,17,01,07,01,15,  ,  ,  ,  ,  ,          ,          ,        ,               ,               
 1, 1,  ,0000000032,          ,17,01,07,01,15,  ,  ,  ,  ,  ,          ,          ,        ,               ,               
 1, 1,  ,0000000030,          ,17,04,07,01,15,  ,  ,  ,  ,  ,          ,          ,        ,               ,               
 1, 1,  ,0000000020,          ,17,10,07,01,15,  ,  ,  ,  ,  ,          ,          ,        ,               ,               
 1, 1,  ,0000000018,          ,17,15,07,01,15,  ,  ,  ,  ,  ,          ,          ,        ,               ,               
 1, 1,  ,0000000022,          ,17,15,07,01,15,  ,  ,  ,  ,  ,          ,          ,        ,               ,               
 1, 1,  ,0000000036,          ,17,17,07,01,15,  ,  ,  ,  ,  ,          ,          ,        ,               ,               
 1, 1,  ,0000000024,          ,07,46,07,02,15,  ,  ,  ,  ,  ,          ,          ,        ,               ,               
 1, 1,  ,0000000019,          ,07,55,07,02,15,  ,  ,  ,  ,  ,          ,          ,        ,               ,               
 1, 1,  ,0000000037,          ,08,01,07,02,15,  ,  ,  ,  ,  ,          ,          ,        ,               ,               
 1, 1,  ,0000000035,          ,08,01,07,02,15,  ,  ,  ,  ,  ,          ,          ,        ,               ,               
 1, 1,  ,0000000034,          ,08,01,07,02,15,  ,  ,  ,  ,  ,          ,          ,        ,               ,               
 1, 1,  ,0000000032,          ,08,05,07,02,15,  ,  ,  ,  ,  ,          ,          ,        ,               ,               
 1, 1,  ,0000000015,          ,08,06,07,02,15,  ,  ,  ,  ,  ,          ,          ,        ,               ,               
 1, 1,  ,0000000017,          ,08,07,07,02,15,  ,  ,  ,  ,  ,          ,          ,        ,               ,               
 1, 1,  ,0000000018,          ,08,09,07,02,15,  ,  ,  ,  ,  ,          ,          ,        ,               ,               
 1, 1,  ,0000000022,          ,08,10,07,02,15,  ,  ,  ,  ,  ,          ,          ,        ,               ,               
 1, 1,  ,0000000026,          ,08,11,07,02,15,  ,  ,  ,  ,  ,          ,          ,        ,               ,               
 1, 1,  ,0000000027,          ,08,11,07,02,15,  ,  ,  ,  ,  ,          ,          ,        ,               ,               
 1, 1,  ,0000000020,          ,08,11,07,02,15,  ,  ,  ,  ,  ,          ,          ,        ,               ,               
 1, 1,  ,0000000030,          ,08,11,07,02,15,  ,  ,  ,  ,  ,          ,          ,        ,               ,               
 2, 1,  ,0000000034,          ,16,44,07,01,15,  ,  ,  ,  ,  ,          ,          ,        ,               ,               
 2, 1,  ,0000000035,          ,16,44,07,01,15,  ,  ,  ,  ,  ,          ,          ,        ,               ,               
 2, 1,  ,0000000025,          ,23,46,07,01,15,  ,  ,  ,  ,  ,          ,          ,        ,               ,               
 2, 1,  ,0000000021,          ,07,17,07,02,15,  ,  ,  ,  ,  ,          ,          ,        ,               ,               
 2, 1,  ,0000000033,          ,07,24,07,02,15,  ,  ,  ,  ,  ,          ,          ,        ,               ,               
 2, 1,  ,0000000025,          ,07,32,07,02,15,  ,  ,  ,  ,  ,          ,          ,        ,       
 1, 1,  ,99999999,          ,12,59,12,31,99,  ,  ,  ,  ,  ,          ,          ,        ,               ,